Enter a yearly amount: $600
2% Interest:  3122.42 6569.83 10376.1 14578.4 19218.2 24340.8 29996.7 36241.2
3% Interest:  3185.48 6878.33 11159.3 16122.2 21875.6 28545.2 36277.2 45240.8
4% Interest:  3249.79 7203.66 12014.2 17866.8 24987.5 33651 44191.3 57015.3
5% Interest:  3315.38 7546.74 12947.1 19839.6 28636.3 39863.3 54192.2 72479.9
6% Interest:  3382.26 7908.48 13965.6 22071.4 32918.7 47434.9 66860.9 92857.2
7% Interest:  3450.44 8289.87 15077.4 24597.3 37949.4 56676.5 82942.1 119781
8% Interest:  3519.96 8691.94 16291.3 27457.2 43863.6 67969.9 103390 155434
9% Interest:  3590.83 9115.76 17616.5 30696.1 50820.5 81784.5 129426 202729
10% Interest:  3663.06 9562.45 19063.5 34365 59008.2 98696.4 162615 265556
11% Interest:  3736.68 10033.2 20643.2 38521.7 68648 119413 204954 349096
12% Interest:  3811.71 10529.2 22367.8 43231.5 80000.3 144800 258998 460255

 Interest displayed at 5 year increments. Year 5 through 40. 
 
 
Enter a yearly amount: $500
2% Interest:  2602.02 5474.86 8646.71 12148.7 16015.1 20284 24997.2 30201
3% Interest:  2654.57 5731.94 9299.46 13435.2 18229.6 23787.7 30231 37700.6
4% Interest:  2708.16 6003.05 10011.8 14889 20823 28042.5 36826.1 47512.8
5% Interest:  2762.82 6288.95 10789.3 16533 23863.5 33219.4 45160.2 60399.9
6% Interest:  2818.55 6590.4 11638 18392.8 27432.3 39529.1 55717.4 77381
7% Interest:  2875.37 6908.22 12564.5 20497.7 31624.5 47230.4 69118.4 99817.6
8% Interest:  2933.3 7243.28 13576.1 22881 36553 56641.6 86158.4 129528
9% Interest:  2992.36 7596.46 14680.5 25580.1 42350.4 68153.8 107855 168941
10% Interest:  3052.55 7968.71 15886.2 28637.5 49173.5 82247 135512 221296
11% Interest:  3113.9 8361 17202.7 32101.4 57206.7 99510.4 170795 290913
12% Interest:  3176.42 8774.37 18639.9 36026.2 66666.9 120666 215832 383546

 Interest displayed at 5 year increments. Year 5 through 40. 
 
 
